0, -8.4706803490997
0.044255443430396, -8.5501657517942
0.088510886860793, -8.645680447651
0.13276633029119, -8.7410203025479
0.17702177372159, -8.8360742854637
0.22127721715198, -8.9269487415721
0.26553266058238, -9.013221767069
0.30978810401277, -9.0951862754633
0.35404354744317, -9.1708471308025
0.39829899087357, -9.2418954665228
0.44255443430396, -9.3037402099893
0.48680987773436, -9.3609747861878
0.53106532116476, -9.4050030673407
0.57532076459515, -9.4448757834058
0.61957620802555, -9.4662335799072
0.66383165145595, -9.4845315042188
0.70808709488634, -9.4772769276226
0.75234253831674, -9.4689477940313
0.79659798174713, -9.4258395091557
0.84085342517753, -9.3818873843967
0.88510886860793, -9.2970653061246
0.92936431203832, -9.2083639196568
0.97361975546872, -9.0729842400001
1.0178751988991, -8.9287491614991
1.0621306423295, -8.7315894026783
1.1063860857599, -8.5183541998755
1.1506415291903, -8.2463416417898
1.1948969726207, -7.9482269314097
1.2391524160511, -7.5857700152503
1.2834078594815, -7.1834194719616
1.3276633029119, -6.7118186692782
1.3719187463423, -6.1815967647095
1.4161741897727, -5.5785044381333
1.4604296332031, -4.8917064412578
1.5046850766335, -4.1304937322314
1.5489405200639, -3.2523304694746
1.5931959634943, -2.3013384991558
1.6374514069247, -1.1897588155011
1.6817068503551, -0.01145331738281
1.7259622937855, 1.3841858470024
1.7702177372159, 2.8341477585401
1.8144731806463, 4.5745315279385
1.8587286240766, 6.3483026177815
1.902984067507, 8.5056594627143
1.9472395109374, 10.664735481128
1.9914949543678, 13.323778661211
2.0357503977982, 15.985063752172
2.0800058412286, 19.199578593758
2.124261284659, 22.462960609502
2.1685167280894, 26.330372144823
2.2127721715198, 30.311092123058
2.2570276149502, 34.938055392357
2.3012830583806, 39.757916030662
2.345538501811, 45.252243432196
2.3897939452414, 51.052110036437
2.4340493886718, 57.536794644327
2.4783048321022, 64.457999506872
2.5225602755326, 72.049477284277
2.566815718963, 80.228015246919
2.6110711623934, 89.031738362158
2.6553266058238, 98.583130284929
2.6995820492542, 108.68123828327
2.7438374926846, 119.68038906042
2.788092936115, 131.11661086542
2.8323483795454, 143.57353660877
2.8766038229758, 156.33620648017
2.9208592664062, 170.17051220019
2.9651147098366, 184.17556499647
3.009370153267, 199.19483119596
3.0536255966974, 214.27166600601
3.0978810401277, 230.16107527648
3.1421364835581, 246.04995437678
3.1863919269885, 262.373180685
3.2306473704189, 278.70088382955
3.2749028138493, 294.95960862421
3.3191582572797, 311.21212204274
3.3634137007101, 326.93743356512
3.4076691441405, 342.55887202779
3.4519245875709, 357.31966062477
3.4961800310013, 371.8048276631
3.5404354744317, 385.24063102044
3.5846909178621, 398.18135697248
3.6289463612925, 410.03317452184
3.6732018047229, 421.16361190261
3.7174572481533, 431.28670196234
3.7617126915837, 440.4930381512
3.8059681350141, 448.85302543136
3.8502235784445, 456.15960521318
3.8944790218749, 462.81618017731
3.9387344653053, 468.35334516504
3.9829899087357, 473.43607193859
4.0272453521661, 477.4010541043
4.0715007955965, 481.08289416902
4.1157562390269, 483.69311848841
4.1600116824573, 486.12767387508
4.2042671258877, 487.59274818992
4.2485225693181, 489.01010770624
4.2927780127485, 489.5678653904
4.3370334561789, 490.13032483884
4.3812888996092, 489.97567304816
4.4255443430396, 489.81048124077
4.46979978647, 489.11698674264
4.5140552299004, 488.36971966487
4.5583106733308, 487.23196491781
4.6025661167612, 486.01383136781
4.6468215601916, 484.50085423857
4.691077003622, 482.88986580471
4.7353324470524, 481.04675652795
4.7795878904828, 479.0900265768
4.8238433339132, 476.93997610558
4.8680987773436, 474.65680581069
4.912354220774, 472.2027817342
4.9566096642044, 469.58679121748
5.0008651076348, 466.81282624944
5.0451205510652, 463.83368779897
5.0893759944956, 460.70579713598
5.133631437926, 457.31016561334
5.1778868813564, 453.77670857848
5.2221423247868, 449.88810992175
5.2663977682172, 445.88017642413
5.3106532116476, 441.40146559321
5.354908655078, 436.83409952424
5.3991640985084, 431.64478690138
5.4434195419388, 426.41534581218
5.4876749853691, 420.3764532813
5.5319304287995, 414.33786799818
5.5761858722299, 407.32143663523
5.6204413156603, 400.27509260586
5.6646967590907, 392.19133557133
5.7089522025211, 383.98291453083
5.7532076459515, 374.70009477167
5.7974630893819, 365.17356195387
5.8417185328123, 354.58194300554
5.8859739762427, 343.61104111573
5.9302294196731, 331.64136715985
5.9744848631035, 319.13849055072
6.0187403065339, 305.74620337623
6.0629957499643, 291.72948879452
6.1072511933947, 277.02618435161
6.1515066368251, 261.64788647553
6.1957620802555, 245.80585868277
6.2400175236859, 229.33857466284
6.2842729671163, 212.63752491224
6.3285284105467, 195.49497569947
6.3727838539771, 178.31589280869
6.4170392974075, 161.02790671109
6.4612947408379, 143.83046042317
6.5055501842683, 126.98921516499
6.5498056276987, 110.27156246265
6.5940610711291, 94.454754615644
6.6383165145594, 78.700778342425
6.6825719579898, 64.391336200267
6.7268274014202, 50.086766844358
6.7710828448506, 37.560845353447
6.815338288281, 25.111695925452
6.8595937317114, 14.439184705174
6.9038491751418, 4.0043743458971
6.9481046185722, -4.8087788068578
6.9923600620026, -13.2289936179
7.036615505433, -20.275063398841
7.0808709488634, -26.807158989759
7.1251263922938, -32.246743561502
7.1693818357242, -37.098690807585
7.2136372791546, -41.132813760508
7.257892722585, -44.556371207409
7.3021481660154, -47.400524000447
7.3464036094458, -49.65246344077
7.3906590528762, -51.516922446864
7.4349144963066, -52.837663447943
7.479169939737, -53.915820586952
7.5234253831674, -54.516970212449
7.5676808265978, -54.978797850115
7.6119362700282, -55.038440139864
7.6561917134586, -55.028198079556
7.700447156889, -54.691242912582
7.7447026003194, -54.32803136583
7.7889580437497, -53.70924721447
7.8332134871801, -53.088317000989
7.8774689306105, -52.275808510408
7.9217243740409, -51.467403374969
7.9659798174713, -50.536893659945
8.0102352609017, -49.603705668549
8.0544907043321, -48.603508691401
8.0987461477625, -47.596615501757
8.1430015911929, -46.559199369601
8.1872570346233, -45.516350316878
8.2315124780537, -44.466104616336
8.2757679214841, -43.414726065211
8.3200233649145, -42.369735412299
8.3642788083449, -41.329447312457
8.4085342517753, -40.302836421768
8.4527896952057, -39.287282179404
8.4970451386361, -38.288348389585
8.5413005820665, -37.306759947091
8.5855560254969, -36.341918569482
8.6298114689273, -35.40027104339
8.6740669123577, -34.473535349069
8.7183223557881, -33.574892697034
8.7625777992185, -32.687233823736
8.8068332426489, -31.828440249123
8.8510886860793, -30.982989751991
8.8510886860793, -30.982989751991
